23 42 49 46 24 65 64 5 63 
23 42 5 55 77 16 7 18 67 74 72 
20 9 98 40 28 
70 98 95 49 75 61 84 54 84 90 
52 70 
35 10 93 98 36 2 
32 1 2 
24 25 60 56 62 
65 77 46 78 73 12 71 91 63 48 
98 24 24 64 57 21 79 26 77 44 45 
92 44 
65 26 54 53 
12 20 44 13 70 59 61 
52 81 7 
60 30 32 94 21 80 21 18 
53 88 69 59 42 33 79 54 47 71 18 
75 63 45 83 92 
45 80 5 10 46 76 
45 18 2 71 91 58 
25 62 
12 73 60 38 70 14 
87 46 54 9 79 59 63 47 39 23 
40 95 98 44 8 17 21 51 98 84 80 
61 83 86 45 42 4 10 77 
81 70 52 40 58 
43 79 67 17 81 88 33 25 
62 55 35 44 70 93 32 76 47 
4 60 84 11 10 12 27 78 
7 70 32 33 46 28 72 77 
29 65 72 10 46 0 43 62 15 98 7 
47 8 90 17 8 
14 69 25 7 
66 45 
50 2 17 23 79 69 84 26 64 8 38 
92 31 19 6 42 58 28 89 
77 75 63 66 24 60 
57 42 38 22 
92 37 86 70 70 33 67 16 19 88 84 
84 82 10 56 83 91 
41 41 12 53 61 63 36 3 17 51 
3 74 81 54 40 99 60 66 42 
89 5 25 23 28 77 16 43 40 
87 45 27 73 4 19 57 78 49 3 
34 91 87 77 16 61 8 38 
83 68 53 19 77 
70 94 28 82 85 97 51 
35 7 56 80 2 
44 87 58 86 
46 93 65 27 95 62 78 93 48 20 
86 96 3 88 93 98 45 95 2 
97 82 34 94 50 29 
63 47 92 42 85 51 55 35 
61 70 95 72 81 3 31 35 60 
19 93 55 87 83 74 
86 69 
13 73 87 64 96 13 
68 21 94 13 3 65 13 66 46 5 49 
7 55 91 68 96 3 71 33 53 24 62 
37 83 96 47 
40 28 12 94 24 53 83 22 
41 29 92 7 10 67 77 66 95 
0 4 
90 97 83 40 
34 21 99 69 98 37 54 83 
57 88 96 65 6 95 28 13 
23 2 70 92 
38 76 96 57 45 47 21 34 
68 14 7 59 11 68 49 32 9 
62 36 96 57 
92 20 91 69 55 79 
84 31 85 45 44 17 73 39 
45 0 72 52 22 56 38 39 
58 75 66 46 72 94 0 49 99 
56 91 1 78 25 15 64 82 
20 39 56 69 73 
80 27 
78 62 10 42 5 95 71 86 81 53 7 
73 17 79 89 38 76 60 40 22 92 44 
26 99 
49 90 18 99 1 54 25 27 25 25 
64 89 69 
75 8 67 3 83 61 62 82 
43 36 58 
82 15 94 52 20 7 5 85 23 50 
70 70 36 28 2 81 
7 61 16 6 94 
64 76 32 77 56 
17 99 55 84 12 47 
13 42 18 86 14 75 96 42 
34 9 38 0 18 95 60 78 19 59 
40 19 
47 91 36 
95 54 90 89 95 28 
54 56 38 99 
36 73 80 92 36 89 94 63 41 74 
5 36 
11 72 42 61 15 67 24 49 7 80 11 
55 10 68 84 15 85 80 28 
32 4 55 41 55 6 88 83 33 
99 87 89 33 
64 96 14 39 92 77 51 
50 66 73 34 1 
23 66 56 43 57 11 36 87 38 2 
92 53 7 81 3 56 26 57 62 94 
59 88 4 27 70 
75 37 73 51 78 95 
70 71 83 96 62 93 96 81 62 
15 30 
22 72 20 51 56 22 16 99 53 
17 74 88 80 20 23 
17 21 44 27 
91 95 42 82 50 83 32 49 91 
91 38 14 86 22 
79 77 20 78 
8 54 98 85 31 18 54 96 
63 55 25 
94 90 6 
1 51 57 48 91 16 57 27 62 
21 87 82 65 81 89 84 89 80 
92 46 62 89 25 7 
8 46 17 96 20 25 61 
98 17 60 71 2 81 
2 41 77 71 
99 59 4 33 55 51 12 79 55 
36 17 17 32 36 
52 69 49 72 
6 82 58 
49 41 
52 71 
92 89 31 71 99 83 8 81 
23 77 
16 53 67 63 35 
22 74 94 
33 11 89 2 83 7 24 16 38 
60 87 1 15 82 32 57 
27 48 
92 16 61 58 44 72 77 96 0 
98 84 9 51 49 37 95 44 
37 32 6 19 40 
99 89 52 96 
85 60 45 73 0 18 59 76 39 88 45 
20 43 
75 38 0 88 24 39 16 85 8 
0 75 95 5 75 99 50 12 25 1 29 
30 42 83 68 97 
96 52 75 47 
42 4 9 20 43 8 19 6 63 
38 99 49 35 12 23 44 81 
92 80 33 
19 29 83 45 59 78 59 
44 15 4 54 
43 98 16 17 20 21 87 57 74 57 
98 66 99 48 
51 10 37 74 75 59 40 41 
60 14 72 2 16 67 8 79 34 
43 2 95 69 42 97 81 
94 14 73 24 60 87 34 
94 90 33 76 57 11 37 61 15 25 0 
56 90 79 0 0 8 3 20 55 
45 93 17 89 62 75 
45 42 62 71 96 
45 67 14 79 26 80 
44 22 98 4 21 72 70 92 27 8 
76 85 21 
42 16 56 
21 59 11 47 
48 73 
59 10 69 91 59 
91 42 89 69 15 81 
39 35 
30 12 64 43 63 10 83 87 49 
11 48 29 92 63 53 30 95 2 27 
46 43 87 
38 52 19 27 97 15 40 31 70 26 
83 79 55 38 73 38 23 99 82 
91 16 23 89 
85 21 56 61 28 
4 30 18 62 93 88 37 34 44 
3 88 89 98 11 
25 28 92 27 
15 59 
25 60 11 84 4 61 45 14 17 37 
85 59 75 0 6 48 
15 78 
26 49 36 18 15 32 30 67 10 
92 95 93 16 58 62 21 68 29 
91 36 22 69 70 99 36 89 81 
26 24 55 3 17 
54 91 58 89 70 93 62 98 56 60 94 
59 70 78 94 14 77 14 76 29 
44 95 
76 50 
71 12 
48 0 26 
89 50 39 55 84 31 94 55 97 78 19 
29 2 94 56 64 37 
50 75 0 6 45 
19 81 49 73 
1 19 6 43 74 37 38 24 42 65 31 
25 95 40 91 
56 37 
99 21 77 2 
89 77 
3 4 15 41 95 3 
12 96 21 74 62 95 56 61 75 
75 28 32 89 72 46 77 
14 85 30 81 95 25 81 44 
93 35 25 88 31 
46 35 21 28 59 38 
80 73 
75 48 
6 84 44 22 85 
45 20 27 78 29 72 46 61 60 38 
18 67 32 
92 47 54 18 37 28 61 7 29 79 1 
42 85 55 3 27 88 75 30 
89 51 13 59 68 
40 0 24 49 74 55 19 26 84 83 45 
52 77 74 
89 11 30 22 76 32 38 26 
18 66 95 24 56 41 5 
94 58 88 39 15 45 0 40 13 
45 37 67 59 20 66 13 68 70 25 47 
55 64 75 83 87 63 
35 49 
8 33 42 60 75 13 30 95 
77 5 99 34 23 
79 86 43 5 
81 98 23 90 70 27 46 12 87 
43 29 16 
0 49 29 54 49 21 24 62 10 45 
51 54 54 
48 37 80 68 
20 2 
23 80 
85 73 1 87 85 2 24 97 73 3 
25 33 91 19 96 28 
46 1 87 39 85 24 
33 52 43 61 92 73 
1 36 5 
37 50 94 2 48 62 72 94 
48 50 91 51 97 70 29 
49 48 17 1 2 86 45 
72 38 35 52 1 93 35 
19 57 16 36 33 65 49 
58 76 94 27 39 63 
31 21 83 78 34 94 90 97 5 53 82 
48 30 67 43 27 89 74 
0 30 72 52 55 26 
3 24 21 57 
41 95 
82 90 
4 84 
57 4 97 55 46 42 58 11 35 64 
40 1 86 45 74 
52 80 
97 88 29 65 98 4 1 40 26 1 
76 57 62 97 48 60 61 8 89 47 10 
17 8 72 76 
88 7 70 
5 67 46 73 91 24 78 35 13 
94 64 95 27 88 28 62 41 7 
72 89 33 75 73 84 68 
21 77 15 42 90 31 
77 89 70 19 42 68 42 76 
78 49 64 68 84 45 89 43 
83 59 38 53 9 65 30 1 87 
44 63 22 41 20 86 
21 2 21 91 
63 80 15 10 46 19 99 
87 2 11 93 74 13 75 
28 32 65 80 40 77 50 63 58 77 16 
67 82 53 71 52 34 35 
28 14 90 94 55 74 7 58 74 
91 48 35 57 99 76 79 41 22 70 
71 60 60 14 36 
82 16 1 5 0 36 55 15 
18 67 91 60 25 99 87 96 13 58 
16 52 22 
19 81 12 57 38 76 86 33 70 65 
31 94 10 40 89 84 16 20 14 2 
76 18 48 79 65 86 74 57 41 77 28 
87 96 63 5 32 88 
59 13 19 46 
21 68 50 
62 65 16 11 88 70 
63 74 89 
4 67 41 37 86 25 92 
67 48 39 55 77 51 97 88 
80 3 69 13 88 
17 79 31 58 55 37 61 34 
96 30 
75 43 73 15 73 44 35 66 15 68 
12 77 46 69 17 12 
93 36 65 5 
3 80 49 42 53 62 26 68 72 53 
53 86 14 17 31 77 90 94 
27 7 83 42 
39 65 27 8 
21 50 63 20 32 70 70 67 
56 16 91 11 
34 6 69 55 86 21 12 
14 8 84 62 52 
8 61 50 
60 61 0 90 98 42 39 2 
6 92 64 62 20 13 
42 74 
9 89 37 90 42 64 81 73 98 33 
36 34 26 1 7 79 46 89 69 
65 39 8 42 21 88 28 
68 38 41 
91 38 72 90 1 41 95 
30 88 77 47 41 10 58 75 74 99 
95 33 44 89 7 97 13 55 31 
85 89 46 7 57 52 61 1 35 
24 48 
29 32 49 89 56 24 
79 71 77 55 29 18 67 51 2 16 22 
75 73 40 18 44 40 
89 67 44 19 59 67 76 13 5 22 51 
14 99 75 
67 96 3 
11 78 62 89 17 
64 26 46 11 24 56 36 79 97 
26 15 81 48 17 19 94 95 84 
12 43 32 44 15 
48 98 80 71 1 86 68 89 95 8 
32 76 34 40 70 38 38 
36 2 40 
76 24 
76 88 77 76 
66 79 97 34 3 63 14 
74 77 50 4 0 95 
71 5 72 6 81 69 89 56 
44 81 53 28 65 91 75 0 
95 48 97 70 60 55 
19 8 22 60 18 
89 8 26 30 59 78 25 9 67 
0 89 63 61 52 21 37 
34 31 97 38 43 
63 7 68 87 
57 79 22 
5 36 
30 29 20 35 12 34 
11 18 74 53 16 95 87 59 15 
82 39 99 50 46 58 12 14 9 
50 63 27 81 76 14 18 45 44 58 
60 2 0 42 10 
74 84 28 8 87 32 57 
76 58 
4 93 57 84 61 23 83 22 45 80 
19 64 56 
17 78 92 82 24 41 92 54 2 
41 71 30 8 19 9 
94 15 46 83 86 66 57 51 77 38 
7 66 31 
70 55 89 4 
86 90 66 74 46 21 
21 28 87 
33 3 11 64 44 98 32 36 47 
70 84 74 1 33 6 
81 27 
31 80 16 12 6 28 36 
6 7 70 75 28 
84 62 28 3 67 15 6 98 44 0 82 
47 83 67 37 23 68 30 31 9 
49 32 31 91 34 74 84 37 52 97 49 
51 33 87 44 60 97 49 7 25 91 
98 18 99 19 22 
31 13 44 88 59 
37 94 5 9 47 2 98 
85 78 88 1 
29 99 36 87 46 45 
8 55 45 22 25 
12 41 
46 79 
7 50 44 35 92 
23 66 16 14 25 55 19 31 72 22 
56 58 36 90 32 20 43 70 77 20 77 
66 78 69 
52 7 90 52 8 16 78 
60 58 37 40 
22 93 
56 42 20 70 27 35 28 
94 44 38 16 8 46 
93 91 35 52 
43 42 27 23 
38 69 5 79 
99 61 11 69 91 
20 39 
58 33 46 60 67 86 24 
36 63 66 91 93 99 81 22 90 78 55 
99 93 82 78 37 36 5 90 30 
52 6 8 39 6 87 27 80 10 8 
2 54 23 87 90 7 8 17 69 6 62 
9 98 13 61 99 
10 2 44 1 15 73 50 83 
36 59 24 4 83 75 8 92 11 61 69 
16 63 1 
79 89 49 89 44 48 69 41 26 
46 78 59 57 83 84 62 72 92 12 77 
75 78 89 0 81 70 62 52 
7 63 18 92 68 
22 97 70 23 27 54 66 24 32 24 13 
28 90 14 30 30 16 91 45 93 
37 35 31 27 35 41 81 35 94 
92 73 48 80 23 37 2 
15 3 34 1 55 0 43 37 80 
9 10 92 53 2 55 8 86 53 91 98 
83 70 53 77 96 17 43 
61 41 54 40 55 22 62 56 
30 10 66 11 43 66 40 94 19 18 
31 33 72 43 97 55 26 54 48 
58 69 
72 37 6 24 45 48 
62 67 67 29 48 98 29 23 90 84 62 
44 82 38 73 90 
4 39 9 92 
21 36 97 
39 58 37 24 
3 8 17 4 61 93 76 90 30 31 
28 79 
60 18 82 25 0 67 48 99 82 55 
74 12 80 41 4 6 
12 96 3 49 72 56 
77 91 15 90 74 5 69 36 48 91 
99 59 8 14 42 21 68 
8 86 
39 96 70 
58 52 35 
36 8 12 90 6 85 5 
93 79 31 62 1 73 47 50 
20 24 48 55 46 55 85 92 33 
86 46 80 
25 13 46 90 
15 58 59 49 45 67 59 74 
95 73 85 
52 20 48 12 12 64 
54 56 
86 57 87 49 
61 80 32 22 11 93 37 35 70 71 
5 70 92 2 57 55 66 
28 87 27 50 56 29 22 61 82 22 12 
28 46 39 
48 80 39 86 25 29 35 73 63 15 
6 99 94 
35 51 97 
21 98 6 53 56 55 16 60 
32 30 66 3 50 98 28 52 80 22 86 
31 73 47 75 
11 41 79 63 28 22 
3 42 47 51 76 30 
46 9 71 11 8 
85 81 8 19 35 
60 40 37 94 1 
61 3 81 52 45 79 97 41 45 
8 29 56 64 69 35 15 
89 59 6 28 
97 58 66 15 93 47 94 29 31 51 29 
0 87 66 49 17 48 49 28 
62 56 41 37 9 35 64 
28 17 68 31 24 65 77 22 96 71 14 
35 34 51 85 44 54 41 80 11 83 
10 74 93 13 5 65 57 59 
72 28 32 42 
95 17 48 62 34 50 
62 18 1 14 71 1 
21 36 68 68 20 22 7 
99 57 32 2 
17 42 15 93 3 55 94 42 
51 42 99 67 84 
61 24 33 
44 74 85 
37 73 10 31 90 54 
31 17 47 69 35 
63 41 
94 2 93 49 18 
85 60 87 27 
67 74 4 71 85 34 74 68 20 30 90 
38 0 37 42 52 21 42 24 
40 48 41 44 25 70 87 
9 32 72 
60 5 
31 62 73 78 22 55 49 35 
8 77 40 53 87 
67 12 
34 25 24 67 58 54 32 34 98 4 52 
16 13 70 54 94 84 88 74 98 65 
97 48 51 5 24 74 64 94 4 22 
3 54 36 67 38 21 34 84 64 48 
52 95 20 49 27 
19 24 87 95 84 40 65 59 11 62 2 
75 97 91 24 40 39 60 84 65 
48 97 85 1 99 34 62 33 31 24 
80 69 10 74 94 32 29 
27 91 
84 49 82 90 84 58 13 
21 25 70 66 36 21 
99 78 20 
55 7 39 43 63 39 46 24 94 
89 35 70 5 46 57 65 22 73 68 
88 71 28 38 10 86 
18 32 96 12 7 48 37 38 
75 52 5 
40 80 3 41 
7 5 42 36 
62 77 27 52 39 68 11 10 57 
59 11 38 62 92 17 11 26 85 76 
55 20 42 86 77 76 12 
84 97 76 66 33 29 67 47 48 10 
31 80 38 30 90 13 22 34 63 78 95 
60 8 72 15 86 63 
83 27 43 51 90 41 
47 59 23 74 93 78 
53 21 67 84 8 26 32 53 17 
97 78 66 59 80 14 3 
74 53 31 9 42 99 77 54 56 
88 54 81 
90 88 42 98 72 75 
33 39 77 17 56 35 
69 27 62 8 
64 62 52 25 49 14 87 14 22 57 
14 12 91 
32 40 21 25 77 63 78 33 
85 3 24 87 33 32 10 91 57 79 41 
92 72 29 4 
13 29 91 8 42 6 39 17 69 52 
89 58 90 30 26 56 9 80 38 62 
75 70 61 11 28 
65 78 21 22 53 44 
10 92 11 7 30 56 74 61 14 40 
21 59 72 34 57 
58 79 92 26 86 14 41 75 28 18 
43 85 47 75 14 68 32 94 34 
8 96 82 51 34 71 
58 92 86 26 
14 89 16 43 57 33 
95 25 95 27 29 43 55 41 72 
63 77 38 81 44 2 21 31 
2 29 0 15 32 23 43 93 15 81 86 
46 46 82 
19 2 54 75 49 22 90 85 87 
5 40 34 33 
81 30 94 77 85 54 
48 59 57 
20 83 60 53 38 87 79 95 68 
55 99 
18 77 76 6 47 54 1 36 
66 48 42 71 52 12 70 47 83 70 64 
3 2 10 85 47 82 
95 35 85 20 33 
28 95 8 76 
16 42 78 68 13 56 90 18 
96 0 14 
64 42 58 13 37 9 98 
71 64 26 68 65 2 25 97 10 
15 44 94 37 1 50 25 19 56 97 3 
97 9 72 94 95 28 
89 35 85 30 55 
41 80 32 48 99 83 80 85 70 41 91 
29 7 
63 20 35 52 48 74 
84 28 
72 84 66 57 
32 31 35 86 68 95 
69 55 78 25 54 67 26 43 
12 59 73 41 82 69 
16 59 62 74 0 74 28 
63 25 94 39 13 70 31 14 23 41 
23 42 2 93 89 96 74 28 47 68 
83 50 62 59 37 84 51 63 66 3 92 
5 52 60 
8 43 74 10 26 41 95 98 65 
8 36 
7 8 22 34 97 2 41 67 55 85 
56 93 32 38 2 97 65 23 83 
26 89 18 77 
75 98 62 81 19 
83 93 48 51 89 96 79 80 
2 86 97 25 23 27 37 22 21 58 
58 88 66 87 51 15 
47 6 81 89 3 5 55 86 28 
38 48 57 
79 61 76 78 12 67 24 50 2 37 37 
12 81 89 64 19 31 73 45 41 6 
98 23 26 34 44 64 54 7 24 
80 53 21 2 27 32 89 82 91 
70 22 40 97 4 10 79 64 
5 42 49 1 76 60 54 90 56 11 21 
76 95 98 97 6 18 
22 89 27 76 45 70 84 33 82 99 
20 31 0 71 
95 33 63 25 86 14 73 7 86 68 0 
78 31 40 49 17 41 69 33 
93 69 92 74 51 
13 29 12 93 73 13 53 0 42 4 
12 98 75 86 44 25 
68 69 62 
52 57 15 29 29 
59 71 88 92 89 20 57 
24 47 13 41 63 63 
79 9 32 74 
2 54 44 81 
54 0 17 81 
69 20 51 18 14 0 53 74 
95 96 6 88 44 19 90 
39 60 49 99 14 21 
69 84 
45 40 54 3 24 39 92 84 
94 10 18 78 
58 35 57 59 18 90 
35 67 22 66 45 25 94 82 97 59 90 
21 22 54 85 33 4 2 63 86 67 
91 40 59 56 34 99 
62 93 92 23 9 5 2 52 1 61 
3 38 47 81 22 22 32 70 
76 12 
86 45 
35 63 
38 62 37 51 22 71 90 5 
20 95 6 14 
66 83 87 97 6 
47 12 34 36 
2 81 48 43 
64 69 
47 12 68 57 47 59 
16 75 36 12 35 85 93 97 1 
97 74 57 44 39 96 65 72 16 
60 86 70 49 3 88 45 43 69 16 39 
38 36 
81 64 39 85 48 23 47 88 84 23 
48 75 98 94 80 65 13 70 
59 58 59 78 
20 83 99 89 29 81 0 36 47 0 
79 90 19 13 31 12 1 24 58 
17 52 29 45 6 77 52 13 18 
42 54 83 62 
48 78 57 24 27 28 21 
10 26 51 46 73 55 59 
8 17 29 96 62 20 27 52 2 75 47 
41 48 79 
5 24 
40 19 70 85 33 90 54 25 36 58 
95 40 50 31 
37 91 80 78 57 85 12 
91 47 81 
8 67 59 62 
41 23 79 75 
24 86 22 7 57 2 83 47 2 
24 93 44 96 0 89 49 62 
87 47 96 42 37 4 82 16 
20 80 17 24 75 20 89 23 
93 37 76 11 51 48 47 8 37 
74 56 35 35 4 53 
9 61 64 23 12 90 29 9 
42 50 94 74 43 40 72 51 1 
54 93 
97 20 5 91 79 72 50 
68 60 
89 78 88 82 96 78 52 63 74 73 
57 45 
60 60 81 42 49 44 2 14 
4 43 8 10 38 48 61 
98 68 67 42 70 46 31 91 20 78 
73 10 13 29 62 87 
11 39 89 
34 87 97 94 97 61 98 7 
16 87 60 36 
48 20 17 53 67 46 3 34 41 90 60 
30 99 9 88 3 82 
5 20 98 
42 4 29 38 7 
69 67 99 80 83 74 37 80 62 
16 56 96 38 27 43 21 93 20 98 
76 33 60 7 41 65 57 82 70 13 
34 77 68 1 25 2 
3 27 30 70 
61 82 24 42 83 57 41 13 66 91 54 
94 67 9 
59 58 82 90 30 76 66 
99 0 78 
94 47 39 58 64 67 33 32 9 66 
80 69 10 15 99 
8 7 23 
17 80 84 61 63 
60 41 10 33 
42 26 4 40 32 35 59 50 14 75 
34 52 86 89 98 73 1 53 66 15 47 
92 40 19 26 
53 69 9 20 71 64 
84 1 74 73 
99 86 
99 45 33 59 24 
77 15 22 24 7 33 79 41 
43 99 6 72 74 33 32 34 60 
29 75 26 
74 22 94 71 
14 53 38 10 55 35 75 52 30 20 
88 22 50 
79 91 98 3 10 95 75 15 57 
79 6 93 71 
93 32 87 56 55 98 87 
6 47 35 60 1 94 
53 75 42 78 64 45 79 94 47 
6 97 83 64 4 23 
14 37 18 22 
36 13 16 76 78 71 66 76 5 89 69 
60 86 81 35 64 1 
79 86 
19 6 7 79 99 
11 34 3 87 89 50 38 47 33 73 34 
66 49 49 
32 5 
41 8 78 25 17 71 40 0 
2 6 47 40 47 12 5 
80 21 52 50 19 13 17 0 
19 19 61 23 93 45 80 23 36 
66 38 75 44 11 60 68 
96 1 19 16 
19 4 49 84 95 57 
31 42 
41 94 13 
91 26 98 63 
14 69 96 40 81 5 68 65 72 22 
50 18 10 68 
37 13 66 64 2 24 
77 57 
78 22 58 22 
35 8 90 22 70 9 94 
72 61 15 91 58 45 99 29 92 
14 23 
8 7 97 72 
27 58 9 49 78 20 8 44 99 27 
73 35 28 33 10 85 61 4 
61 5 26 57 
95 38 67 29 66 53 3 0 34 81 
5 40 72 87 85 
49 8 37 1 90 
31 25 43 
12 36 86 80 39 48 47 42 84 79 99 
89 66 28 27 90 62 33 15 13 67 
54 56 13 35 10 27 23 4 17 40 
75 76 7 8 
0 92 49 19 6 20 14 87 27 29 
65 23 18 79 17 43 40 45 
1 54 73 5 22 
51 12 
53 59 58 90 
95 2 7 71 86 
61 57 31 39 42 99 23 51 
75 58 78 67 46 
60 14 93 23 22 21 26 19 29 
37 8 69 64 75 66 51 65 
99 57 92 66 40 67 47 0 35 73 70 
82 99 2 16 36 94 19 0 
34 68 83 0 81 69 22 90 
51 67 24 55 3 80 72 53 0 94 
54 34 59 33 8 
68 81 18 43 
34 87 78 10 50 84 10 56 69 
70 11 83 79 80 47 67 21 
77 6 29 72 11 28 
28 34 40 83 32 
61 2 84 29 64 
16 80 44 36 30 
65 0 8 42 25 74 82 
76 82 39 38 59 22 65 71 93 67 
8 46 84 6 32 83 45 94 73 48 56 
8 88 76 98 
79 38 52 10 38 96 73 63 53 
14 29 63 27 20 71 90 56 46 25 
40 29 21 
92 71 25 42 95 35 
67 86 65 72 1 11 95 27 67 18 29 
24 28 
74 73 8 61 0 8 
66 94 54 62 48 0 71 15 18 20 
0 10 31 11 95 52 73 
10 63 17 79 35 49 18 56 85 47 
87 50 11 40 27 34 
85 23 99 
40 14 72 38 28 57 74 71 43 52 80 
29 49 4 38 13 90 32 56 
44 24 31 28 16 11 12 3 26 58 
52 75 76 53 32 38 8 37 39 35 
55 86 36 57 58 
73 14 97 
28 29 
9 43 10 93 31 
75 11 95 93 
40 10 74 67 84 
4 72 33 41 10 46 43 1 57 52 
99 16 51 9 95 37 78 2 53 2 10 
11 25 42 87 87 86 69 86 62 16 71 
49 24 28 63 98 
0 51 7 58 83 49 70 14 
40 94 61 95 41 
99 4 59 95 
54 14 57 76 
67 37 46 24 47 37 17 39 57 
37 82 98 19 92 
99 58 81 46 75 
1 6 97 99 47 26 94 
45 35 7 
65 76 91 48 63 68 52 5 5 37 
62 73 
72 25 74 
3 52 34 23 27 4 87 
64 88 16 76 67 56 77 58 
96 55 88 34 46 43 91 64 49 
62 50 36 74 
4 1 
84 61 75 
16 29 38 20 88 5 75 60 92 18 72 
82 59 66 47 85 
21 3 21 50 62 18 22 50 15 16 
52 22 78 40 82 58 74 18 2 94 
23 53 8 75 3 93 46 16 75 
88 85 75 78 53 38 51 39 
46 76 43 75 35 13 6 13 99 76 
80 38 7 69 62 84 82 99 83 88 
1 99 24 6 16 15 44 96 64 42 30 
60 60 22 3 2 2 70 68 98 
44 57 13 30 50 
13 43 60 91 56 60 17 95 77 66 99 
87 84 5 14 
70 59 32 4 72 52 68 23 56 
39 38 
4 6 
55 16 72 53 
34 51 96 8 92 78 80 82 
99 0 20 77 38 94 77 
26 13 2 29 41 32 91 
40 32 15 26 43 8 33 13 16 
25 86 53 22 43 8 92 75 12 
16 83 9 3 87 
64 56 27 59 
66 47 
87 21 17 10 25 16 61 
27 36 67 64 60 93 24 
93 94 14 16 48 
43 46 19 39 86 
36 1 95 14 58 95 60 69 68 55 
41 64 
93 15 16 4 39 37 
53 40 
28 4 51 73 
99 90 60 61 54 45 84 93 43 81 
80 89 59 23 4 
22 15 75 19 84 57 54 99 63 80 88 
90 1 
80 99 19 
5 95 62 
20 27 35 
74 11 55 39 7 48 42 55 
4 75 9 51 14 74 3 4 
75 66 96 7 18 73 55 
75 9 63 
2 61 64 42 79 16 1 66 96 86 
86 95 81 26 12 81 24 59 79 6 
46 5 37 
42 41 42 99 28 54 19 96 97 30 10 
46 76 55 88 80 93 76 98 13 9 
34 98 94 69 95 
40 10 82 15 89 
25 66 54 96 60 82 54 39 50 82 
72 15 97 40 60 66 
37 51 50 29 5 79 0 
50 71 90 20 79 
68 24 
86 83 82 75 76 78 9 
99 70 98 82 85 65 83 1 77 64 
34 2 71 38 29 
99 36 57 
39 45 99 91 
54 99 64 30 75 10 
42 87 22 48 45 61 5 
64 54 12 61 75 
71 21 31 68 82 3 65 50 93 55 
20 17 6 4 16 53 80 5 94 64 
14 46 84 96 40 40 50 13 41 75 
91 71 13 8 65 15 82 69 
91 21 64 16 74 75 
40 98 12 
16 13 91 
55 86 55 65 52 56 16 94 
31 63 82 17 77 
54 84 13 19 49 
69 84 38 15 70 8 
34 35 14 25 19 34 41 30 38 20 
64 44 27 97 33 80 59 5 2 40 77 
14 8 29 1 9 66 69 21 15 49 
76 90 75 
23 79 
47 52 32 18 29 81 98 18 97 
23 61 55 28 41 
77 85 67 87 6 14 82 39 
7 58 41 23 42 57 25 44 57 26 40 
13 45 48 26 54 33 20 
45 89 89 79 54 85 0 14 32 78 
53 70 35 22 21 10 11 35 75 22 81 
19 68 88 
69 72 73 
61 62 95 10 72 7 14 83 72 
84 60 1 
40 57 62 59 86 54 50 72 24 
10 47 28 96 71 58 29 57 38 99 
30 13 35 18 
4 91 42 
45 79 71 96 47 47 12 57 69 
93 28 45 92 5 58 36 11 
99 44 
17 10 46 22 20 
78 14 10 22 85 87 80 88 6 84 
95 0 32 24 9 40 59 11 
2 75 35 42 
97 3 92 44 27 86 69 38 44 45 54 
81 71 90 54 88 38 9 31 85 92 19 
12 42 26 47 45 13 16 23 45 
57 81 9 98 67 
31 69 49 63 44 36 
26 42 34 51 35 
31 58 5 56 15 
24 75 91 87 48 
26 63 
43 87 
19 61 11 18 44 5 41 45 3 91 37 
3 18 1 35 96 
4 99 
56 68 21 9 25 53 20 83 
5 53 71 89 27 38 63 
89 38 16 49 89 54 
91 22 69 57 58 93 
24 25 90 35 49 68 48 52 54 
37 10 48 29 12 66 47 18 5 96 
39 46 1 49 44 2 92 10 22 54 
27 60 4 53 84 34 
45 44 28 94 63 41 
63 1 91 33 59 93 57 49 
73 81 61 19 55 
58 61 
8 89 2 
43 98 39 58 
20 24 56 11 
82 73 79 62 71 97 
65 90 40 10 
23 65 9 39 
54 44 17 80 59 76 54 48 76 
22 17 89 75 12 
4 4 23 
7 0 6 38 2 28 73 77 37 
49 65 90 22 
95 98 22 
70 90 17 
57 68 37 
55 3 28 89 37 28 50 49 
60 79 59 42 98 85 66 64 64 
24 70 
2 72 
66 90 32 64 11 
55 60 44 47 
25 96 82 67 24 
22 79 91 81 7 74 10 90 77 5 86 
30 78 63 49 63 19 37 37 
47 25 58 74 56 38 
21 32 74 
49 56 36 43 
97 46 58 98 48 
14 7 41 62 
50 85 48 73 40 94 75 25 
47 72 37 74 15 0 25 97 
32 11 79 35 97 34 25 
38 99 53 31 
94 82 74 32 2 25 92 60 77 18 55 
41 38 
74 4 41 87 60 54 
73 97 
27 94 68 0 98 42 15 
91 39 
73 26 73 54 96 
16 88 42 4 41 88 90 
14 57 55 63 73 10 85 4 
8 89 30 19 81 54 33 65 62 43 78 
1 96 
26 81 89 79 94 9 54 53 99 45 
4 7 12 92 44 8 33 74 
62 8 15 13 57 22 53 48 77 
91 38 49 27 11 8 53 83 3 82 20 
40 52 59 77 
1 5 55 5 47 47 39 56 25 11 69 
39 44 6 
98 40 94 71 28 73 
32 3 98 58 23 40 
89 21 
25 63 23 93 32 
97 81 68 15 21 16 86 46 
21 76 81 8 31 64 89 
67 96 97 71 16 55 51 5 15 
6 4 30 62 78 42 58 23 
72 13 45 80 96 84 10 86 
