46 50 91 51 
55 97 38 97 
36 57 24 78 16 14 41 25 65 17 
23 41 90 16 21 29 82 51 87 
57 80 36 8 16 43 49 
19 89 31 65 85 
43 51 48 94 78 11 55 37 
93 35 53 60 30 28 84 28 54 11 
73 16 46 86 81 25 98 17 86 
49 41 
50 69 89 1 57 
82 91 19 
75 67 92 96 
78 42 17 20 63 86 59 67 66 40 18 
63 89 35 48 11 5 60 
16 15 29 67 5 34 66 57 68 19 23 
40 75 58 76 74 12 16 81 24 
95 63 52 44 17 65 11 13 61 25 95 
17 38 33 11 14 61 53 
84 85 40 67 98 44 25 15 
55 34 16 33 
72 98 3 47 36 62 
6 47 13 3 80 16 78 28 
57 53 41 92 60 66 
34 83 96 19 96 42 
86 60 34 52 52 28 61 27 
24 67 65 30 90 48 98 9 
14 26 69 96 31 31 
57 21 75 69 9 94 
45 68 85 
9 90 41 59 
51 75 64 17 55 92 97 99 50 75 84 
41 71 7 
18 87 17 62 
76 39 6 
56 66 49 38 63 56 10 31 32 62 75 
52 95 89 26 23 16 15 73 
10 44 32 71 
95 82 34 16 69 
3 3 
48 69 40 0 65 58 
14 55 24 41 32 
88 98 53 54 34 91 58 85 96 
82 50 13 75 84 72 
91 32 48 
29 43 1 13 28 
24 46 
10 58 13 79 14 9 56 7 85 
54 15 87 55 20 33 
85 87 76 74 47 
37 94 15 91 26 27 49 96 92 68 
78 72 31 
39 88 20 26 64 53 81 14 54 
76 3 53 67 94 54 53 92 22 24 
50 11 
90 98 73 10 25 19 21 47 48 87 
27 27 43 56 2 
20 95 90 48 33 91 
59 56 47 54 86 6 58 8 20 
18 19 99 63 24 44 83 59 40 34 8 
30 98 67 
68 13 91 
5 27 28 0 63 6 94 72 32 
46 7 59 52 45 83 53 18 90 82 
79 80 26 56 8 24 54 48 27 
80 51 83 55 
18 4 82 75 41 30 93 83 5 9 90 
97 24 54 87 87 52 62 66 
1 95 53 32 36 
46 74 42 11 
68 9 90 59 
38 25 36 51 73 28 77 3 65 
61 62 43 52 42 15 71 8 
70 94 19 87 77 
92 13 85 86 16 
5 86 33 46 42 98 84 65 41 
5 72 
68 24 62 51 84 57 53 9 
14 11 37 67 39 38 82 73 
89 7 75 96 
71 57 36 7 37 85 60 58 21 91 
23 91 90 
67 58 76 75 29 84 7 37 74 
76 40 15 69 57 65 94 66 
8 47 95 72 79 
16 51 71 66 
45 88 49 75 89 13 42 41 
33 40 36 52 14 24 29 65 26 68 
59 15 36 79 54 4 66 15 
56 70 5 79 71 46 
99 98 24 51 79 47 48 5 27 88 
59 54 96 79 
44 90 29 9 20 77 
77 84 53 99 67 33 
0 10 1 85 4 93 75 21 80 
77 84 
41 14 1 26 57 34 25 
25 53 74 45 68 60 88 
80 69 86 30 96 94 74 61 80 
31 38 12 19 48 14 
22 46 53 11 98 33 5 89 10 10 
18 68 13 37 2 
57 24 
31 85 8 
74 72 92 
41 19 
6 11 83 30 83 53 
94 50 29 70 50 94 4 28 7 87 
87 7 43 83 69 37 63 98 9 49 36 
2 97 2 
91 78 44 29 62 
31 48 55 19 63 32 71 6 
56 88 63 
77 77 
70 40 20 57 15 30 1 20 21 8 
91 41 5 65 18 56 
77 98 37 98 99 
14 38 65 27 21 6 91 45 32 45 86 
27 24 22 50 
79 14 
19 87 51 33 13 63 94 53 16 
1 53 91 95 
28 82 28 74 69 92 62 51 7 
51 34 12 15 17 89 5 7 20 40 44 
86 55 57 64 39 45 
68 4 38 17 28 85 92 77 
74 41 
48 51 28 17 72 24 34 
50 43 49 83 
23 18 11 6 62 66 3 91 4 
59 4 
96 66 13 67 74 
59 1 78 28 
2 87 97 3 
79 12 4 22 36 48 23 
33 87 81 
3 65 7 28 36 
14 44 29 
87 56 60 25 
57 40 12 4 76 46 
61 11 87 30 86 
54 81 31 92 
50 67 52 77 16 8 44 53 
43 19 22 23 31 64 35 53 
60 30 
9 42 63 76 81 82 55 39 24 1 33 
5 63 73 37 64 88 77 
57 14 28 37 1 19 41 
18 12 41 90 80 45 52 
33 47 39 
20 33 44 51 32 91 
48 92 13 16 56 75 30 62 
25 11 39 97 18 66 
22 8 0 
49 88 98 45 1 24 47 10 38 15 39 
47 18 52 49 99 87 32 66 73 83 46 
64 70 95 71 45 50 48 73 18 0 
51 60 
13 59 86 96 
49 41 62 69 
96 79 84 58 46 69 98 
44 71 98 6 0 13 25 16 29 82 
33 87 28 11 27 81 65 92 26 
82 99 85 9 43 99 54 50 86 
87 49 82 57 52 49 37 61 45 65 89 
22 36 
77 19 
87 3 3 75 36 30 35 33 
43 93 33 89 27 45 22 19 32 
3 55 48 37 3 
0 62 32 37 24 12 59 78 26 40 77 
24 3 65 34 41 31 53 
61 38 16 77 17 22 
69 13 20 12 77 99 35 76 65 95 65 
88 32 3 69 9 0 25 
5 15 64 74 69 
97 71 26 10 
17 17 54 12 
60 29 41 92 22 28 29 27 83 26 
92 75 19 18 10 
68 19 77 85 44 91 30 11 52 
50 39 44 21 72 
66 40 47 96 28 24 96 78 93 72 
5 38 23 26 4 64 62 64 
82 39 21 85 5 28 37 
81 14 91 70 13 46 62 29 49 52 
61 23 51 37 8 49 40 80 31 
87 39 86 83 26 41 54 46 
24 17 83 
6 9 60 6 
50 21 65 86 0 13 3 29 
25 70 72 92 54 25 
35 73 38 81 26 8 30 37 73 38 
95 0 4 
20 61 11 94 15 60 63 31 
88 15 32 60 27 16 57 14 
74 67 49 87 52 70 23 66 88 
10 6 61 34 57 19 30 47 
7 90 59 41 51 47 89 99 
46 44 14 57 97 47 
83 27 43 83 57 91 98 53 46 28 
22 15 92 50 29 91 16 71 87 67 51 
55 50 5 65 8 29 11 36 35 62 
71 44 
23 73 4 7 0 36 65 31 
80 7 81 21 8 66 25 55 24 70 
86 71 12 51 71 45 72 4 94 69 
29 99 72 68 43 25 29 6 6 
41 64 28 21 50 55 20 
9 74 13 31 45 27 91 30 
72 34 58 20 74 75 61 21 7 
96 12 73 0 31 22 54 84 51 
27 66 
61 74 33 46 89 11 
5 51 11 95 
83 23 46 3 18 
69 26 81 67 53 48 83 56 
30 30 77 30 51 91 19 20 0 23 
5 52 30 15 
14 9 73 11 95 76 60 
43 34 80 35 61 34 
28 65 45 46 97 
61 98 89 
75 75 46 14 65 50 51 21 55 
46 81 68 
21 94 
93 2 95 44 89 28 56 84 89 
26 60 9 51 28 60 
16 6 43 48 66 22 26 90 
92 91 17 13 48 
91 59 37 24 55 42 17 
43 22 29 46 27 63 44 96 61 30 87 
29 94 49 89 48 1 12 56 36 
8 61 80 12 45 80 49 61 6 
77 61 61 55 89 13 39 85 89 73 
41 23 81 80 48 37 
69 61 90 96 48 27 94 78 17 53 54 
26 92 24 61 28 
50 51 78 59 72 90 26 43 76 72 
55 18 91 92 66 
32 11 47 
27 43 
39 72 0 56 54 
58 30 35 63 21 77 
98 5 74 31 23 
88 25 87 14 4 77 25 99 56 44 
55 62 76 63 17 45 
32 53 68 21 89 36 
69 59 79 1 44 73 86 4 71 
45 48 8 96 80 99 9 52 
99 35 71 87 39 74 60 96 
67 10 
35 52 15 71 49 47 60 85 90 
85 76 
56 74 48 20 68 27 17 78 51 96 
7 75 16 39 72 85 88 82 
92 81 79 7 63 
72 62 77 43 85 39 30 3 97 68 
9 91 93 
73 51 84 60 71 74 18 32 39 
51 25 79 61 22 8 85 94 42 
94 52 13 74 
44 56 72 66 98 
79 54 20 40 19 
56 40 41 29 60 12 79 64 51 16 
55 26 90 28 75 3 77 42 
95 64 8 39 3 18 43 30 92 19 24 
39 88 55 
71 83 69 
69 16 59 37 24 19 79 38 
36 20 80 50 98 19 25 78 15 
22 74 2 
97 8 95 89 16 69 
88 20 77 25 52 69 43 81 91 74 
74 94 47 
4 70 9 58 32 56 14 44 
52 88 72 15 18 
98 28 38 26 59 69 29 3 
76 2 
15 65 78 22 65 79 
31 44 48 51 62 39 93 
89 83 77 
71 2 81 34 65 47 98 
9 2 38 67 22 85 89 81 75 10 19 
72 26 90 7 14 35 23 
55 91 81 79 20 86 
48 75 87 69 87 94 82 99 90 70 1 
88 98 44 88 58 15 17 
46 4 36 26 6 60 83 8 
55 64 
84 29 44 90 4 99 45 74 66 
89 53 78 75 28 
95 99 9 
32 94 68 98 19 77 56 68 
93 67 72 17 40 9 26 
97 44 71 92 19 99 95 52 71 75 29 
70 88 10 
21 68 68 92 33 19 
36 7 27 69 48 23 73 33 
50 54 59 8 31 
81 1 76 55 6 29 55 9 
81 80 46 97 
4 91 31 54 44 43 69 6 
63 27 86 45 73 94 
72 55 69 23 93 68 1 46 
41 54 48 78 23 52 47 39 
54 49 15 74 46 85 63 91 21 97 30 
68 31 
92 44 72 93 82 3 35 
98 67 14 
66 2 66 13 34 43 87 25 33 
1 28 46 
56 34 21 88 21 43 19 93 84 
73 55 74 21 6 95 86 39 52 53 
17 69 13 65 
52 82 58 7 44 17 71 43 
1 97 57 9 74 98 94 86 52 
64 31 
26 76 64 16 4 26 53 5 
36 26 50 68 65 31 13 70 80 
70 40 18 16 21 34 44 3 
85 51 
93 55 23 16 71 89 85 
59 25 98 98 68 98 99 
72 8 
76 86 80 3 72 35 64 19 88 43 
60 76 63 23 26 
28 59 91 59 46 53 15 72 33 
86 53 26 68 23 10 56 6 
1 44 76 21 39 
51 73 29 65 55 39 
32 59 
51 40 13 66 88 74 40 3 6 32 14 
48 69 10 42 28 30 4 45 99 53 
48 75 69 91 71 81 69 47 96 51 3 
82 73 3 42 76 0 2 0 19 
69 84 83 38 30 44 72 25 51 69 95 
55 92 64 
69 50 36 
57 4 65 30 87 16 8 74 27 
86 31 7 34 54 57 3 12 65 87 36 
35 22 10 91 59 
26 75 18 1 33 16 19 98 
80 17 
75 44 64 38 1 12 6 
50 60 50 78 28 37 28 14 
37 48 85 
5 81 73 3 66 47 
98 39 67 0 39 
5 11 63 66 65 29 7 
34 5 2 29 69 40 81 53 
97 46 32 12 20 76 81 65 33 
30 7 62 
36 18 30 51 28 21 37 67 31 
96 25 48 33 66 3 81 20 
23 74 1 67 27 27 89 65 19 
8 14 87 66 10 29 4 12 72 38 54 
66 47 64 5 71 57 62 62 12 30 
35 90 11 96 0 
2 87 55 5 22 
49 11 93 86 78 68 84 
81 28 95 53 74 45 87 17 28 18 
30 61 48 54 50 89 46 49 47 34 4 
2 54 35 74 82 35 41 52 80 
32 33 
20 23 1 90 20 29 32 
51 70 
39 66 6 75 
44 92 4 9 
78 15 73 45 
96 85 53 12 
25 69 19 26 
56 48 14 72 17 22 
71 14 
76 87 18 33 
81 70 95 25 
21 1 
8 71 36 36 46 32 73 39 93 
39 57 84 21 
58 86 61 48 
60 92 
38 43 4 59 
35 63 5 
34 37 84 48 48 71 42 56 87 20 78 
52 38 27 55 29 36 57 75 19 
83 69 96 87 76 17 51 
86 74 41 
2 18 31 74 37 48 32 91 20 15 49 
24 14 82 57 99 
67 12 63 53 11 95 
14 28 88 
62 16 76 59 40 63 46 72 
3 96 26 53 60 46 32 
15 55 96 90 91 65 60 35 9 
79 83 40 98 24 41 39 1 22 2 
52 38 62 39 85 57 87 0 93 98 
98 50 25 33 98 59 79 91 
38 43 73 62 96 64 94 89 99 
40 14 1 18 
98 77 30 45 92 63 
89 13 89 8 95 35 78 44 
63 20 
29 74 14 73 38 38 11 30 1 67 83 
64 23 15 
93 70 14 42 61 47 
72 43 95 40 62 
98 68 38 
23 50 29 91 45 3 30 
51 72 2 15 
19 41 38 44 74 63 
64 32 83 72 59 66 62 46 
96 19 96 84 58 9 
17 1 45 43 90 97 15 30 96 18 27 
52 49 69 4 95 28 94 20 61 54 24 
3 19 64 30 66 87 33 94 44 
17 12 37 22 
78 65 64 79 74 29 66 72 83 
50 73 59 21 63 5 68 26 64 73 
38 45 22 97 62 7 30 76 2 33 
87 85 53 73 81 44 
60 65 77 31 82 93 40 4 
56 27 2 72 67 8 96 43 
79 51 3 96 7 4 12 65 
17 91 28 58 70 64 39 17 31 94 32 
46 35 27 29 76 59 78 70 
60 91 58 
37 12 15 94 59 88 84 27 28 48 
12 40 15 3 12 55 38 6 
4 33 
17 46 10 28 24 18 12 59 37 26 
82 14 60 52 87 67 10 79 
49 58 54 32 48 11 
33 53 30 
71 22 49 
19 24 63 14 6 52 25 27 
59 7 71 19 49 35 79 99 40 74 
29 38 18 1 77 
11 29 14 13 34 69 95 53 
32 3 
65 80 11 30 88 
50 67 87 6 
6 34 9 36 89 45 
66 94 53 78 43 97 28 27 32 47 
9 13 71 67 57 63 59 78 
58 37 81 14 51 9 55 
17 61 97 
11 55 19 67 83 34 6 52 89 21 
48 6 44 25 54 7 78 21 19 
13 60 1 23 50 75 88 
69 59 47 
37 48 3 0 38 84 40 53 
12 60 47 
32 6 26 74 37 75 89 
88 78 
5 74 58 63 
77 47 50 92 18 9 50 57 
75 19 12 82 55 55 40 99 23 59 
0 71 88 
7 40 2 20 68 
68 19 82 19 61 
1 22 
45 28 15 80 27 89 95 95 
97 52 54 77 65 43 17 
32 75 71 16 25 25 98 82 33 
95 37 
80 80 36 10 46 51 45 81 7 
48 93 32 7 40 
83 77 8 35 39 56 28 2 0 3 85 
41 3 70 
23 90 10 61 94 
26 57 77 11 
52 69 80 30 
62 23 45 44 98 0 44 75 19 12 92 
82 48 33 3 56 
5 47 42 78 83 
54 89 71 15 66 
64 36 49 60 63 97 
29 33 80 38 81 99 68 87 
23 58 74 22 66 7 85 
85 94 26 83 81 75 96 12 0 49 
4 28 73 38 96 85 81 27 31 54 53 
52 86 
20 41 25 9 82 37 
60 92 87 19 46 41 33 
8 64 
37 45 27 56 13 52 41 85 
15 47 75 56 60 16 59 28 1 
95 64 
39 58 
45 32 57 15 35 11 20 
35 91 88 40 13 65 77 
38 66 0 65 60 84 47 45 74 
43 32 81 
57 19 0 74 83 66 
28 0 19 3 
53 51 42 90 74 88 77 
5 19 45 35 81 83 2 
83 68 67 34 47 29 85 
57 24 67 85 60 88 15 43 69 
63 16 85 29 77 74 50 
16 77 22 70 74 0 29 86 68 80 16 
77 63 85 46 44 97 26 72 
93 49 37 16 85 12 13 19 
77 90 
55 57 22 91 65 55 9 31 83 14 10 
57 38 88 7 86 35 17 26 
69 84 50 97 
78 22 31 78 72 72 47 97 
66 82 40 52 48 24 
48 42 54 73 2 25 42 82 62 9 
44 79 51 
36 13 60 26 54 
58 21 87 83 31 62 6 12 
72 17 52 47 78 80 8 25 76 16 28 
41 80 7 2 50 
18 15 84 
34 54 39 27 22 6 88 59 
47 8 34 53 59 24 
33 71 68 76 17 6 79 89 44 
37 58 56 95 35 35 90 71 
67 50 12 72 
29 78 49 14 15 26 47 11 27 
33 63 16 85 31 91 
86 92 
37 17 27 19 63 72 58 7 53 10 14 
83 45 99 85 30 74 82 37 30 
71 50 74 
13 26 90 10 93 
16 40 91 34 4 25 16 34 
51 3 51 47 1 93 83 10 46 
26 67 
65 28 18 
30 44 97 97 6 42 35 19 40 91 90 
92 11 80 87 1 15 
60 70 72 94 92 56 74 2 37 16 
90 87 36 25 60 97 33 30 31 
23 55 
91 17 37 24 88 71 76 92 77 
78 83 65 95 89 58 82 64 96 41 26 
91 74 47 31 68 86 67 62 62 
46 90 99 98 39 9 84 34 12 26 26 
1 71 33 51 22 91 9 73 6 44 5 
42 79 22 16 62 81 14 21 
14 82 86 73 70 40 
32 23 26 0 76 73 2 57 29 25 16 
17 49 58 82 91 
22 60 0 82 35 56 10 4 
44 80 3 54 77 10 74 
98 15 80 48 23 
53 45 30 86 
36 37 11 60 16 74 16 64 38 
10 82 54 69 29 88 85 58 25 
42 27 94 32 24 57 89 2 21 
7 68 16 71 77 98 43 49 49 98 
44 25 62 
47 69 3 1 
38 20 93 5 24 17 35 54 7 
40 46 52 89 27 
74 22 85 78 68 76 29 16 79 
65 82 45 48 22 51 38 16 
59 77 61 48 35 95 
75 3 61 5 26 10 80 30 9 
75 52 72 87 90 
3 61 
40 96 2 63 83 
68 88 82 37 13 93 58 41 
47 13 87 4 53 69 27 
47 54 23 18 99 92 
58 90 
55 70 14 93 
8 52 27 5 93 92 
89 78 43 96 
15 78 36 14 55 71 
61 1 47 71 19 83 12 
36 95 16 49 52 45 87 25 13 
94 6 92 93 75 32 40 35 42 
49 91 3 
56 41 23 93 80 79 3 94 
66 68 94 11 
55 35 
35 29 39 16 
91 94 7 13 50 88 
44 83 
78 51 20 
97 88 
88 8 64 10 
82 66 12 80 91 37 30 65 51 48 63 
85 79 34 52 58 1 88 38 71 
4 37 81 68 40 59 97 
28 93 54 
12 77 36 60 
21 53 82 59 71 
49 62 61 66 66 
96 1 88 68 57 60 47 92 29 
2 56 49 10 38 8 34 96 40 63 69 
67 87 42 52 75 
65 68 28 4 
70 95 21 79 19 
81 28 
53 47 68 21 5 24 29 65 62 52 
14 89 67 95 88 88 89 38 62 
48 79 18 31 60 79 89 66 
26 19 28 54 33 37 8 96 98 57 71 
30 25 83 87 60 16 97 
33 20 14 14 42 7 38 16 93 38 85 
35 28 86 5 36 61 77 71 65 93 36 
15 74 
24 79 28 21 65 33 
99 55 
32 5 54 
0 80 55 65 
48 84 41 
75 71 
61 25 80 
27 48 33 58 41 79 2 16 48 1 32 
68 28 89 0 80 
74 80 29 45 26 64 56 27 68 67 
74 78 11 77 90 83 
45 50 0 19 63 79 58 32 90 28 
64 42 
74 83 86 33 76 82 45 6 84 
24 78 39 80 41 76 6 15 
16 25 98 79 
8 76 21 58 62 65 
28 56 55 66 40 98 84 
97 25 82 25 7 35 21 34 96 51 
6 16 90 76 41 82 
68 46 11 78 82 52 22 
90 71 13 73 32 50 
20 83 65 34 94 
6 29 98 23 32 
98 48 81 96 47 99 90 69 
36 31 99 38 9 72 10 81 95 97 
93 71 42 60 57 40 10 98 70 12 38 
62 7 22 18 
86 65 60 73 61 73 83 96 52 23 
92 7 70 7 57 79 90 79 19 69 95 
52 2 57 41 84 83 78 
84 87 9 
48 71 93 63 52 14 94 
87 39 53 78 9 84 56 0 
50 82 53 43 18 23 54 84 56 
53 34 
0 74 83 2 56 7 16 31 86 64 
86 39 88 25 30 
72 65 
39 91 84 8 84 11 30 
45 32 83 22 38 99 57 
60 97 
47 40 51 4 65 49 
37 35 71 85 52 74 
26 84 26 83 
92 12 18 42 67 
91 33 
8 33 37 87 
85 31 78 62 66 65 7 
30 19 16 37 98 14 14 0 
83 83 79 
38 6 6 91 3 23 96 56 
19 30 
56 11 65 
81 20 56 14 98 30 94 92 42 
47 71 12 0 65 61 13 15 
67 89 68 34 58 47 65 69 95 6 
16 34 57 81 98 
87 94 40 80 23 37 
45 54 10 69 
39 65 25 11 12 24 68 66 10 72 
89 35 64 31 74 
40 98 56 39 71 97 34 12 60 
15 75 99 89 26 76 14 24 
77 35 67 73 64 66 35 96 68 30 97 
79 78 13 48 72 54 
10 96 15 89 28 10 36 
72 60 
46 9 73 
35 55 62 39 90 4 56 6 
20 88 32 
42 37 20 27 40 69 31 67 6 41 8 
16 10 21 30 95 
2 3 55 65 48 
3 94 48 51 39 12 49 79 41 32 94 
73 5 73 0 51 
37 94 56 59 
3 41 22 75 65 
23 77 88 40 30 
80 40 17 90 8 48 85 60 79 1 
71 19 43 44 59 20 78 47 4 24 94 
93 86 90 7 70 29 1 93 7 30 
60 72 13 98 73 86 39 
36 0 
10 8 3 96 33 59 
0 36 4 95 55 
85 87 47 9 14 89 75 12 96 37 
81 7 13 53 42 52 3 86 16 9 
90 0 26 50 
65 30 70 74 65 
79 65 24 98 66 
51 84 82 
88 90 75 77 76 99 51 48 33 21 
42 7 
13 71 27 
97 32 
61 49 46 69 57 26 
92 29 66 21 84 70 3 3 70 58 
23 35 10 6 9 42 24 27 98 30 
63 92 63 1 3 61 60 36 0 15 43 
53 8 24 86 45 21 
85 95 62 35 74 67 26 15 18 37 95 
78 96 50 
37 79 10 
64 81 67 80 56 49 18 48 80 46 0 
66 12 66 87 82 58 7 33 
26 4 87 
27 30 5 
48 82 58 99 
59 31 60 50 26 12 29 
55 12 
50 55 14 
25 66 93 84 40 78 88 2 
44 81 26 50 59 55 9 61 
12 25 28 68 20 85 58 68 
92 41 44 81 49 
99 7 30 
60 22 
19 42 4 98 59 62 64 47 
28 97 40 44 
72 84 31 15 7 19 38 
15 43 53 29 34 3 
41 43 38 7 46 79 82 
75 55 64 98 75 47 46 30 48 23 
17 69 26 98 98 97 38 6 13 81 55 
89 27 54 39 77 12 54 70 
98 93 98 81 49 43 
48 59 90 42 
48 9 74 51 
49 1 95 84 89 
87 36 79 55 63 17 
94 97 2 7 27 50 87 82 
83 9 78 51 
57 77 20 94 
63 25 72 17 7 61 99 
11 60 1 83 
27 56 
69 1 44 32 36 91 94 
64 6 32 79 64 16 2 96 43 38 
1 60 84 
29 92 0 89 76 78 8 62 55 34 43 
98 65 47 40 
44 80 35 41 
72 41 
28 98 22 82 55 61 9 97 6 15 
46 87 33 30 4 11 24 52 69 
4 89 57 9 94 26 
37 46 28 75 49 50 
68 24 47 33 2 2 
54 65 26 16 9 84 11 93 
3 76 97 3 87 33 5 28 
65 41 55 73 80 75 78 84 90 
53 90 7 69 63 23 8 40 
10 35 61 15 18 88 47 29 
86 11 58 50 28 
2 41 
30 42 24 17 82 72 61 97 85 50 
81 13 40 91 
87 36 49 45 62 21 83 58 86 
4 50 65 
89 55 41 75 94 59 62 54 47 10 21 
95 67 9 42 96 
24 68 99 
13 67 66 17 7 9 74 73 
14 94 56 12 72 
3 65 56 68 43 79 20 43 48 15 81 
75 37 52 99 23 14 10 22 
6 77 67 76 
47 41 
0 69 
25 24 37 20 32 83 
48 46 28 56 9 45 46 37 97 68 72 
1 8 83 97 78 64 
87 64 66 23 96 
67 54 53 15 89 21 43 17 62 4 
81 37 28 98 89 54 85 98 66 81 
68 34 78 57 45 53 87 37 7 84 
50 37 57 9 
33 28 98 38 40 73 76 88 44 
6 67 9 85 18 24 99 53 29 9 
43 11 
87 47 52 68 36 60 23 52 32 53 
87 2 39 
80 31 
65 6 
3 33 7 20 93 0 28 
77 10 62 9 23 96 37 83 95 1 
9 89 50 1 1 50 86 25 31 
31 96 61 53 15 60 62 74 14 
61 50 83 88 26 64 3 43 56 92 13 
41 33 89 57 11 
64 32 19 82 29 30 44 95 48 
73 86 97 69 
92 17 91 27 
57 2 91 98 81 69 81 
51 80 94 
72 33 30 7 36 67 93 80 66 20 70 
83 72 7 41 8 80 16 85 43 72 38 
84 12 48 32 15 
85 71 44 69 67 54 32 
91 23 70 33 
44 19 20 26 93 42 48 84 
62 0 74 
33 66 69 77 11 31 93 
72 77 2 28 64 69 
12 51 
27 59 46 99 
85 24 
94 97 
67 39 60 12 9 81 60 22 23 33 50 
94 33 
20 96 8 30 55 35 98 88 22 84 43 
19 72 16 30 57 17 94 
74 77 6 50 83 39 50 
94 35 4 32 76 54 75 21 
22 68 27 45 92 91 40 41 50 4 98 
0 5 96 53 33 59 80 33 62 77 
53 95 35 62 82 56 41 71 60 
12 0 34 28 38 65 54 23 57 8 79 
46 46 18 
4 58 76 67 63 0 21 36 29 
25 41 60 33 
98 26 5 75 77 12 7 38 56 
80 47 63 30 29 17 38 32 
42 97 63 16 
59 74 60 95 45 67 47 21 6 
96 93 66 44 1 11 78 51 50 11 
15 79 38 
98 12 
18 16 16 19 6 
44 88 87 71 69 
73 44 80 12 48 62 83 
29 29 15 71 25 47 
92 28 55 12 4 37 56 70 45 
57 78 28 20 34 34 97 
93 24 76 81 93 30 35 12 64 
13 47 45 55 20 14 90 16 90 13 4 
49 89 
51 97 47 0 33 84 48 96 50 37 4 
74 8 96 
72 2 75 89 77 6 3 
50 17 2 56 12 8 66 56 75 22 
67 39 
89 49 92 28 63 48 9 40 83 61 
25 73 82 6 20 48 97 
78 90 41 93 
56 36 9 22 87 25 97 79 
12 99 51 96 72 42 72 44 
0 59 63 29 85 5 26 
65 26 92 0 21 52 98 35 71 
64 20 95 78 51 52 
78 77 66 
67 59 5 87 72 81 27 
7 89 91 
41 12 38 
30 91 31 64 60 66 
4 33 68 3 
96 31 55 24 25 73 70 29 76 36 
66 76 71 19 21 10 75 51 
59 51 14 17 
31 5 63 6 73 46 33 91 
80 69 93 47 64 85 96 34 64 65 
95 91 47 52 
99 28 65 81 6 92 
3 4 39 75 11 17 
96 87 12 56 96 47 70 15 54 85 
62 80 43 5 44 15 3 35 49 
33 43 54 76 36 98 
13 15 20 21 
93 62 98 3 76 59 24 86 50 93 58 
77 39 62 1 39 46 18 
14 19 2 38 25 28 27 81 29 42 
90 66 
10 22 83 58 7 76 25 30 
17 81 22 90 
87 37 53 88 74 41 99 68 
35 50 85 70 30 40 67 31 78 36 
76 60 68 1 60 35 5 65 91 85 
65 80 12 20 0 9 76 
15 15 44 91 10 92 44 20 87 48 
14 62 88 39 97 
33 16 73 10 31 
15 24 50 34 
82 85 36 6 1 80 76 14 
96 64 75 11 50 48 15 35 
66 66 42 50 89 70 43 96 10 24 
76 4 87 37 56 91 74 30 
25 52 
69 6 19 92 13 40 0 80 10 
57 87 58 70 20 85 79 
29 27 64 27 
64 65 1 17 75 1 5 21 58 35 
64 52 
89 64 76 74 94 85 64 
97 0 45 59 86 72 61 0 
19 19 9 99 44 94 47 
37 49 94 67 
92 75 98 10 59 11 90 38 57 86 21 
19 74 32 54 67 
43 83 48 49 72 71 93 26 46 49 63 
53 65 96 65 95 66 91 15 63 
45 56 87 55 76 42 96 27 89 32 
32 23 72 58 0 8 28 28 50 46 
56 50 12 92 0 
63 54 14 43 87 6 53 
61 64 52 68 21 
90 34 12 64 81 63 58 70 87 
99 35 16 46 28 8 37 90 
71 76 10 13 91 55 60 96 46 
53 14 33 72 92 14 
67 69 
25 95 
79 6 99 59 87 46 25 
68 46 95 47 47 
0 18 96 90 
89 90 76 91 2 
3 38 64 
21 60 4 25 74 49 10 93 33 
19 52 30 57 87 29 34 
24 35 71 65 81 94 23 16 13 
10 30 94 36 46 
80 82 23 7 68 70 20 56 70 86 
9 16 59 16 1 68 
44 48 49 87 96 1 8 96 1 79 
35 99 77 97 
30 10 56 86 79 49 93 44 66 
41 53 16 76 76 92 57 12 
31 32 27 8 90 82 83 62 57 98 
76 31 96 47 
23 77 53 
88 10 99 75 83 44 99 
78 22 8 26 28 43 83 39 
39 18 97 7 19 37 
66 85 86 98 54 71 61 36 50 1 
20 60 82 50 84 10 
73 48 6 80 23 29 32 92 87 29 29 
10 83 84 52 
98 1 31 96 61 26 
68 36 
75 40 72 96 60 93 16 48 
33 60 36 2 14 18 51 92 
76 4 11 9 98 42 24 58 30 95 
64 63 85 95 29 88 47 
20 32 93 12 81 41 73 
66 48 96 95 21 48 56 64 54 
18 42 31 38 62 79 50 85 0 
78 30 75 87 14 88 41 58 36 3 96 
20 51 43 69 
57 60 24 85 16 49 
29 99 31 
68 75 75 15 
17 52 
21 12 
38 38 
94 83 15 43 20 38 
93 46 70 8 63 7 66 
39 97 26 12 14 62 45 16 94 
13 82 6 51 17 8 80 42 22 57 
61 30 50 90 62 15 44 
73 53 97 78 
74 68 52 
50 87 62 94 5 80 57 71 37 27 4 
49 32 15 68 22 28 22 49 85 
42 43 58 18 4 57 26 33 50 
75 50 94 88 15 69 84 41 3 
45 14 56 61 90 17 18 73 4 92 78 
86 70 31 41 
53 82 69 5 94 0 19 43 
91 34 38 51 
7 38 44 1 9 
51 40 26 
77 3 62 61 51 86 35 11 27 
97 86 61 95 56 92 49 28 6 35 
62 9 40 83 
60 56 78 32 85 54 10 21 92 
10 90 30 28 84 33 93 
77 3 99 57 51 43 28 
8 84 11 9 87 32 5 60 3 44 64 
12 82 18 13 4 99 
80 11 90 75 95 
38 87 66 13 59 67 72 78 48 
81 62 30 80 3 
30 75 34 94 24 91 89 40 
81 6 27 10 60 13 21 16 29 32 60 
89 7 40 59 
80 34 
56 31 68 32 1 37 16 7 9 79 
97 81 94 18 56 5 34 
95 30 50 62 
37 35 
5 15 5 10 78 62 42 64 
88 36 
81 44 99 45 37 96 64 14 75 