100
184.2 48.5
150.5 42.1
197.0 48.1
162.1 49.7
165.3 53.6
167.3 42.4
177.7 42.4
171.3 50.8
195.9 45.1
159.1 50.7
180.2 35.7
152.4 45.2
163.3 44.1
153.3 49.7
159.8 36.9
174.1 56.2
193.1 49.1
177.2 31.5
177.3 47.8
181.2 47.4
190.8 56.8
180.1 31.3
150.4 46.8
165.3 34.4
149.5 39.9
195.8 49.6
171.3 47.0
180.5 50.0
200.6 33.5
199.9 30.9
177.4 40.5
195.9 50.0
183.7 49.6
148.4 32.8
188.9 33.4
185.5 44.2
154.3 37.4
156.9 35.4
178.0 30.8
177.3 32.1
166.7 34.9
153.2 36.7
155.1 44.6
189.8 32.7
188.2 53.8
174.4 56.1
193.1 46.5
173.7 40.1
175.3 51.6
162.8 31.7
184.4 35.3
196.5 38.1
161.0 50.4
193.4 56.2
167.1 40.7
156.6 31.4
165.8 40.8
148.4 45.7
198.8 49.8
192.2 38.5
147.1 42.3
185.6 50.5
152.8 46.3
191.2 53.6
152.9 50.9
168.7 44.8
152.2 52.5
179.7 49.5
186.4 39.8
153.1 31.2
181.7 41.8
187.5 52.8
186.0 40.0
171.4 30.9
178.7 37.3
158.1 30.5
196.8 52.5
165.7 41.3
193.4 48.7
171.3 30.1
163.0 45.3
193.8 32.3
156.7 48.0
147.4 36.4
164.1 39.1
165.4 39.4
176.6 33.7
179.2 52.4
164.3 53.6
153.5 32.6
148.9 41.1
173.3 32.4
175.0 39.3
155.9 34.2
165.0 49.0
196.1 42.6
180.7 50.0
152.9 55.1
154.6 48.1
161.7 33.8